31 56
占位
使邻接表从1开始存储，和逻辑上的顺序一致。
南出入口1
距离主楼、多功能馆、国际交流学院最近的门口。
北出入口1
学生日常出入的门口之一。
北出入口2
不常走。
南出入口2
校车及教工车辆出入口。
主楼
河北大学行政机构办公室所在地。
多功能馆
河北大学团委、社团活动中心所在地。
图书馆
学习、阅读之处。
文苑楼
河北大学继续教育学院的教学楼及办公楼。
逸夫楼
河北大学研究生学院的教学楼及办公楼。
物理学院
物理学院的教学楼及办公楼。
竞学楼
第一教学楼，机房和实验室。
毓秀园
小花园，环境优美。
第九教学楼
教学楼。
第八教学楼
教学楼。
南院餐厅
二楼和三楼都有很多好吃的。
生科院
生命科学学院的教学楼及办公楼。
理化中心
高大上的实验室。
化学学院
化学学院的教学楼及办公楼。
电信学院
电子信息工程学院没搬到七一路校区吗？
北院操场
同学们锻炼身体和上体育课的地方。
校医院
河北大学校医院，做胸透的时候要来这里。
北院餐厅
听说有保定驴肉火烧。
篮球场网球场
同学们打篮球和网球的地方。
综合教学楼
教学楼。
第七教学楼
教学楼。
国际交流与教育学院
College Of International Exchange And Education.
建工学院
建筑工程学院的教学楼及办公楼。
梅园1号
学生宿舍。
梅园2号
学生宿舍。
梅园3、4、5号
学生宿舍。
梅园6号
学生宿舍。
1 2 39
1 4 210
1 5 114
1 6 96
1 7 77
2 3 202
2 10 59
2 11 56
3 4 37
3 9 93
3 10 179
4 7 134
4 8 60
5 6 91
5 12 20
5 13 190
7 13 78
8 14 44
8 15 93
9 16 92
9 17 105
9 18 178
10 11 53
10 18 57
11 19 115
12 13 20
12 26 139
13 14 87
13 24 73
13 26 167
14 15 75
14 24 42
15 24 110
15 25 150
16 21 82
16 27 111
17 27 80
18 19 108
18 22 114
18 27 91
19 20 70
19 22 102
19 23 15
20 23 5
20 28 10
20 29 10
22 23 25
22 27 84
22 31 44
23 30 20
23 31 49
24 25 144
24 26 169
28 29 134
29 30 20
30 31 92
