31 55
占位
使邻接表从1开始存储，和逻辑上的顺序一致。
南出入口1
距离主楼、多功能馆、国际交流学院最近的门口。
北出入口1
学生日常出入的门口之一。
北出入口2
不常走。
南出入口2
校车及教工车辆出入口。
主楼
河北大学行政机构办公室所在地。
多功能馆
河北大学团委、社团活动中心所在地。
图书馆
学习、阅读之处。
文苑楼
河北大学继续教育学院的教学楼及办公楼。
逸夫楼
河北大学研究生学院的教学楼及办公楼。
物理学院
物理学院的教学楼及办公楼。
竞学楼
第一教学楼，机房和实验室。
毓秀园
小花园，环境优美。
第九教学楼
教学楼。
第八教学楼
教学楼。
南院餐厅
二楼和三楼都有很多好吃的。
生科院
生命科学学院的教学楼及办公楼。
理化中心
高大上的实验室。
化学学院
化学学院的教学楼及办公楼。
电信学院
电子信息工程学院没搬到七一路校区吗？
北院操场
同学们锻炼身体和上体育课的地方。
校医院
河北大学校医院，做胸透的时候要来这里。
北院餐厅
听说有保定驴肉火烧。
篮球场网球场
同学们打篮球和网球的地方。
综合教学楼
教学楼。
第七教学楼
教学楼。
国际交流与教育学院
College Of International Exchange And Education.
建工学院
建筑工程学院的教学楼及办公楼。
梅园1号
学生宿舍。
梅园2号
学生宿舍。
梅园3、4、5号
学生宿舍。
梅园6号
学生宿舍。
1 2 39
1 3 9999
1 4 210
1 5 114
1 6 96
1 7 77
1 8 9999
1 9 9999
1 10 9999
1 11 9999
1 12 9999
1 13 9999
1 14 9999
1 15 9999
1 16 9999
1 17 9999
1 18 9999
1 19 9999
1 20 9999
1 21 9999
1 22 9999
1 23 9999
1 24 9999
1 25 9999
1 26 9999
1 27 9999
1 28 9999
1 29 9999
1 30 9999
1 31 9999
2 3 202
2 4 9999
2 5 9999
2 6 9999
2 7 9999
2 8 9999
2 9 9999
2 10 59
2 11 56
2 12 9999
2 13 9999
2 14 9999
2 15 9999
2 16 9999
2 17 9999
2 18 9999
2 19 9999
2 20 9999
2 21 9999
2 22 9999
2 23 9999
2 24 9999
2 25 9999
2 26 9999
2 27 9999
2 28 9999
2 29 9999
2 30 9999
2 31 9999
3 4 37
3 5 9999
3 6 9999
3 7 9999
3 8 9999
3 9 93
3 10 179
3 11 9999
3 12 9999
3 13 9999
3 14 9999
3 15 9999
3 16 9999
3 17 9999
3 18 9999
3 19 9999
3 20 9999
3 21 9999
3 22 9999
3 23 9999
3 24 9999
3 25 9999
3 26 9999
3 27 9999
3 28 9999
3 29 9999
3 30 9999
3 31 9999
4 5 9999
4 6 9999
4 7 134
4 8 60
4 9 9999
4 10 9999
4 11 9999
4 12 9999
4 13 9999
4 14 9999
4 15 9999
4 16 9999
4 17 9999
4 18 9999
4 19 9999
4 20 9999
4 21 9999
4 22 9999
4 23 9999
4 24 9999
4 25 9999
4 26 9999
4 27 9999
4 28 9999
4 29 9999
4 30 9999
4 31 9999
5 6 91
5 7 9999
5 8 9999
5 9 9999
5 10 9999
5 11 9999
5 12 20
5 13 190
5 14 9999
5 15 9999
5 16 9999
5 17 9999
5 18 9999
5 19 9999
5 20 9999
5 21 9999
5 22 9999
5 23 9999
5 24 9999
5 25 9999
5 26 9999
5 27 9999
5 28 9999
5 29 9999
5 30 9999
5 31 9999
6 7 9999
6 8 9999
6 9 9999
6 10 9999
6 11 9999
6 12 9999
6 13 9999
6 14 9999
6 15 9999
6 16 9999
6 17 9999
6 18 9999
6 19 9999
6 20 9999
6 21 9999
6 22 9999
6 23 9999
6 24 9999
6 25 9999
6 26 9999
6 27 9999
6 28 9999
6 29 9999
6 30 9999
6 31 9999
7 8 9999
7 9 9999
7 10 9999
7 11 9999
7 12 9999
7 13 78
7 14 9999
7 15 9999
7 16 9999
7 17 9999
7 18 9999
7 19 9999
7 20 9999
7 21 9999
7 22 9999
7 23 9999
7 24 9999
7 25 9999
7 26 9999
7 27 9999
7 28 9999
7 29 9999
7 30 9999
7 31 9999
8 9 9999
8 10 9999
8 11 9999
8 12 9999
8 13 9999
8 14 44
8 15 93
8 16 9999
8 17 9999
8 18 9999
8 19 9999
8 20 9999
8 21 9999
8 22 9999
8 23 9999
8 24 9999
8 25 9999
8 26 9999
8 27 9999
8 28 9999
8 29 9999
8 30 9999
8 31 9999
9 10 9999
9 11 9999
9 12 9999
9 13 9999
9 14 9999
9 15 9999
9 16 92
9 17 105
9 18 178
9 19 9999
9 20 9999
9 21 9999
9 22 9999
9 23 9999
9 24 9999
9 25 9999
9 26 9999
9 27 9999
9 28 9999
9 29 9999
9 30 9999
9 31 9999
10 11 53
10 12 9999
10 13 9999
10 14 9999
10 15 9999
10 16 9999
10 17 9999
10 18 57
10 19 9999
10 20 9999
10 21 9999
10 22 9999
10 23 9999
10 24 9999
10 25 9999
10 26 9999
10 27 9999
10 28 9999
10 29 9999
10 30 9999
10 31 9999
11 12 9999
11 13 9999
11 14 9999
11 15 9999
11 16 9999
11 17 9999
11 18 9999
11 19 115
11 20 9999
11 21 9999
11 22 9999
11 23 9999
11 24 9999
11 25 9999
11 26 9999
11 27 9999
11 28 9999
11 29 9999
11 30 9999
11 31 9999
12 13 20
12 14 9999
12 15 9999
12 16 9999
12 17 9999
12 18 9999
12 19 9999
12 20 9999
12 21 9999
12 22 9999
12 23 9999
12 24 9999
12 25 9999
12 26 139
12 27 9999
12 28 9999
12 29 9999
12 30 9999
12 31 9999
13 14 87
13 15 9999
13 16 9999
13 17 9999
13 18 9999
13 19 9999
13 20 9999
13 21 9999
13 22 9999
13 23 9999
13 24 73
13 25 9999
13 26 167
13 27 9999
13 28 9999
13 29 9999
13 30 9999
13 31 9999
14 15 75
14 16 9999
14 17 9999
14 18 9999
14 19 9999
14 20 9999
14 21 9999
14 22 9999
14 23 9999
14 24 42
14 25 9999
14 26 9999
14 27 9999
14 28 9999
14 29 9999
14 30 9999
14 31 9999
15 16 9999
15 17 9999
15 18 9999
15 19 9999
15 20 9999
15 21 9999
15 22 9999
15 23 9999
15 24 110
15 25 150
15 26 9999
15 27 9999
15 28 9999
15 29 9999
15 30 9999
15 31 9999
16 17 9999
16 18 9999
16 19 9999
16 20 9999
16 21 82
16 22 9999
16 23 9999
16 24 9999
16 25 9999
16 26 9999
16 27 111
16 28 9999
16 29 9999
16 30 9999
16 31 9999
17 18 9999
17 19 9999
17 20 9999
17 21 9999
17 22 9999
17 23 9999
17 24 9999
17 25 9999
17 26 9999
17 27 80
17 28 9999
17 29 9999
17 30 9999
17 31 9999
18 19 108
18 20 9999
18 21 9999
18 22 114
18 23 9999
18 24 9999
18 25 9999
18 26 9999
18 27 91
18 28 9999
18 29 9999
18 30 9999
18 31 9999
19 20 70
19 21 9999
19 22 102
19 23 15
19 24 9999
19 25 9999
19 26 9999
19 27 9999
19 28 9999
19 29 9999
19 30 9999
19 31 9999
20 21 9999
20 22 9999
20 23 5
20 24 9999
20 25 9999
20 26 9999
20 27 9999
20 28 10
20 29 10
20 30 9999
20 31 9999
21 22 9999
21 23 9999
21 24 9999
21 25 9999
21 26 9999
21 27 9999
21 28 9999
21 29 9999
21 30 9999
21 31 9999
22 23 25
22 24 9999
22 25 9999
22 26 9999
22 27 84
22 28 9999
22 29 9999
22 30 9999
22 31 44
23 24 9999
23 25 9999
23 26 9999
23 27 9999
23 28 9999
23 29 9999
23 30 20
23 31 49
24 25 144
24 26 169
24 27 9999
24 28 9999
24 29 9999
24 30 9999
24 31 9999
25 26 9999
25 27 9999
25 28 9999
25 29 9999
25 30 9999
25 31 9999
26 27 9999
26 28 9999
26 29 9999
26 30 9999
26 31 9999
27 28 9999
27 29 9999
27 30 9999
27 31 9999
28 29 134
28 30 9999
28 31 9999
29 30 20
29 31 9999
30 31 9999
